clinical_item_id	collection_type_id	value	item_collection_id
41871	5	3	1000001
41871	5	3	1000002
41839	5	3	1000003
41839	5	3	1000004
41788	5	3	1000005
41788	5	3	1000006
41788	5	3	1000007
41788	5	3	1000008
42038	5	3	1000009
42038	5	3	1000010
41884	5	3	1000011
41884	5	3	1000012
41804	5	3	1000013
41871	5	3	1000014
41871	5	3	1000015
41839	5	3	1000016
41839	5	3	1000017
41788	5	3	1000018
41788	5	3	1000019
41788	5	3	1000020
41788	5	3	1000021
42038	5	3	1000022
42038	5	3	1000023
41884	5	3	1000024
41884	5	3	1000025
41804	5	3	1000026
41871	5	4	2795
41871	5	4	2956
41871	5	4	2982
41871	5	4	3101
41871	5	4	3170
41871	5	4	3407
41871	5	4	3698
41871	5	4	3814
41871	5	4	4204
41871	5	4	4907
41871	5	4	5934
41871	5	4	6231
41871	5	4	6376
41871	5	4	6967
41871	5	4	7386
41871	5	4	7450
41871	5	4	8431
41871	5	4	9076
41871	5	4	9563
41871	5	4	9671
41871	5	4	9826
41871	5	4	10292
41871	5	4	10297
41871	5	4	10328
41871	5	4	10341
41871	5	4	2490
41871	5	4	2525
41871	5	4	3173
41871	5	4	3575
41871	5	4	3580
41871	5	4	4016
41871	5	4	8830
41871	5	4	9035
41871	5	4	9356
41871	5	4	9555
41871	5	4	10151
41871	5	4	10406
41871	5	4	2639
41871	5	4	3786
41871	5	4	8627
41871	5	4	8915
41839	5	4	8473
41839	5	4	3593
41839	5	4	9390
41839	5	4	3837
41839	5	4	3072
41839	5	4	10340
41839	5	4	10402
41839	5	4	10137
41839	5	4	9713
41839	5	4	6359
41839	5	4	6828
41839	5	4	4227
41839	5	4	3009
41839	5	4	5709
41839	5	4	6151
41839	5	4	4910
41839	5	4	2344
41839	5	4	3996
41839	5	4	8966
41839	5	4	2046
41839	5	4	8981
41839	5	4	3020
41839	5	4	8680
41839	5	4	3743
41839	5	4	3468
41839	5	4	8603
41839	5	4	2020
41839	5	4	9917
41839	5	4	8168
41839	5	4	2894
41839	5	4	7106
41839	5	4	2136
41839	5	4	8212
41839	5	4	8405
41839	5	4	9215
41839	5	4	8872
41839	5	4	8271
41839	5	4	1776
41839	5	4	1825
41839	5	4	1864
41839	5	4	905
41839	5	4	566
41839	5	4	6424
41839	5	4	5452
41839	5	4	6273
41839	5	4	5326
41839	5	4	5677
41839	5	4	6203
41839	5	4	5887
41839	5	4	5697
41839	5	4	6329
41839	5	4	1232
41839	5	4	1044
41839	5	4	1143
41839	5	4	1103
41839	5	4	3990
41839	5	4	3564
41839	5	4	4026
41839	5	4	4586
41839	5	4	939
41839	5	4	358
41839	5	4	4476
41839	5	4	724
41839	5	4	7704
41839	5	4	708
41839	5	4	8589
41839	5	4	2336
41839	5	4	9607
41839	5	4	10286
41839	5	4	4721
41839	5	4	3426
41839	5	4	7034
41839	5	4	8059
41839	5	4	465
41839	5	4	8610
41839	5	4	3190
41839	5	4	10337
41839	5	4	9484
41839	5	4	2761
41839	5	4	7464
41839	5	4	7039
41839	5	4	6265
41839	5	4	9216
41839	5	4	6280
41839	5	4	7441
41839	5	4	8875
41839	5	4	8965
41839	5	4	8621
41839	5	4	2531
41839	5	4	2854
41839	5	4	3415
41839	5	4	5919
41839	5	4	5873
41839	5	4	6221
41839	5	4	5690
41839	5	4	5442
41839	5	4	5586
41839	5	4	4757
41839	5	4	4698
41839	5	4	1057
41839	5	4	2883
41839	5	4	1729
41839	5	4	1617
41839	5	4	4799
41839	5	4	2137
41839	5	4	4298
41839	5	4	4062
41839	5	4	9418
41839	5	4	7960
41839	5	4	3147
41839	5	4	3029
41839	5	4	9054
41839	5	4	3671
41839	5	4	9617
41839	5	4	3103
41839	5	4	9780
41839	5	4	3676
41839	5	4	9173
41839	5	4	2822
41839	5	4	6015
41839	5	4	3705
41839	5	4	3578
41839	5	4	5670
41839	5	4	7131
41839	5	4	9567
41839	5	4	6159
41839	5	4	9720
41839	5	4	9444
41839	5	4	4843
41839	5	4	2843
41839	5	4	10230
41839	5	4	3350
41839	5	4	6304
41839	5	4	6970
41839	5	4	10363
41839	5	4	4783
41839	5	4	7098
41839	5	4	6236
41839	5	4	1669
41839	5	4	10252
41839	5	4	8495
41839	5	4	9066
41839	5	4	9470
41839	5	4	2944
41839	5	4	2461
41839	5	4	6394
41839	5	4	3670
41839	5	4	5766
41839	5	4	5899
41839	5	4	5993
41839	5	4	1273
41839	5	4	3514
41839	5	4	2281
41839	5	4	3521
41839	5	4	4462
41839	5	4	9642
41839	5	4	1981
41839	5	4	9598
41839	5	4	9900
41839	5	4	2211
41839	5	4	8739
41839	5	4	3979
41839	5	4	7640
41839	5	4	7669
41788	5	4	9941
41788	5	4	1853
41788	5	4	3871
41788	5	4	8376
41788	5	4	8075
41788	5	4	9737
41788	5	4	10153
41788	5	4	8916
41788	5	4	8951
41788	5	4	2289
41788	5	4	2282
41788	5	4	1794
41788	5	4	2183
41788	5	4	1977
41788	5	4	5698
41788	5	4	5076
41788	5	4	5365
41788	5	4	5066
41788	5	4	3505
41788	5	4	1147
41788	5	4	3645
41788	5	4	188
41788	5	4	1161
41788	5	4	189
41788	5	4	2012
41788	5	4	9214
41788	5	4	10359
41788	5	4	9712
41788	5	4	2689
41788	5	4	2234
41788	5	4	2830
41788	5	4	2799
41788	5	4	2095
41788	5	4	9315
41788	5	4	8146
41788	5	4	9497
41788	5	4	9844
41788	5	4	2934
41788	5	4	9695
41788	5	4	8572
41788	5	4	2418
41788	5	4	2096
41788	5	4	6123
41788	5	4	4976
41788	5	4	256
41788	5	4	255
41788	5	4	2350
41788	5	4	1465
41788	5	4	9089
41788	5	4	2962
41788	5	4	8938
41788	5	4	3628
41788	5	4	8379
41788	5	4	8741
41788	5	4	9951
41788	5	4	3290
41788	5	4	4753
41788	5	4	3405
41788	5	4	9683
41788	5	4	3222
41788	5	4	10200
41788	5	4	9513
41788	5	4	3254
41788	5	4	5743
41788	5	4	1113
41788	5	4	9751
41788	5	4	3778
41788	5	4	2199
41788	5	4	5835
41788	5	4	5910
41788	5	4	1666
41788	5	4	1803
41788	5	4	7880
41788	5	4	2534
41788	5	4	9652
41788	5	4	4216
41788	5	4	8806
41788	5	4	3026
41788	5	4	9338
41788	5	4	9665
41788	5	4	6427
41788	5	4	3000
41788	5	4	4193
41788	5	4	9861
41788	5	4	2479
41788	5	4	5776
41788	5	4	893
41788	5	4	8755
41788	5	4	8745
41788	5	4	8524
41788	5	4	1996
41788	5	4	3494
41788	5	4	3787
41788	5	4	4972
41788	5	4	5086
41788	5	4	5943
41788	5	4	178
41788	5	4	7342
41788	5	4	4321
41788	5	4	3793
41788	5	4	3781
41788	5	4	151
41788	5	4	9176
41788	5	4	4081
41788	5	4	9090
41788	5	4	896
41788	5	4	670
41788	5	4	9966
41788	5	4	10338
41788	5	4	8904
41788	5	4	8364
41788	5	4	4794
41788	5	4	2403
41788	5	4	4164
41788	5	4	9545
41788	5	4	931
42038	5	4	10253
42038	5	4	10330
42038	5	4	8990
42038	5	4	4091
42038	5	4	7665
42038	5	4	4640
42038	5	4	6962
42038	5	4	6781
42038	5	4	5093
42038	5	4	10083
42038	5	4	1697
42038	5	4	1628
42038	5	4	9183
42038	5	4	10104
42038	5	4	3680
42038	5	4	2635
42038	5	4	9439
42038	5	4	3765
42038	5	4	9477
42038	5	4	3347
42038	5	4	9781
42038	5	4	3039
42038	5	4	9070
42038	5	4	3234
42038	5	4	9328
42038	5	4	9538
42038	5	4	9012
42038	5	4	9741
42038	5	4	8891
42038	5	4	8827
42038	5	4	2293
42038	5	4	2673
42038	5	4	2568
42038	5	4	2905
42038	5	4	2516
42038	5	4	2497
42038	5	4	5917
42038	5	4	5041
42038	5	4	5082
42038	5	4	5850
42038	5	4	1626
42038	5	4	7493
42038	5	4	1379
42038	5	4	1025
42038	5	4	2719
42038	5	4	7412
42038	5	4	1381
42038	5	4	1210
42038	5	4	2565
42038	5	4	10520
42038	5	4	2205
42038	5	4	9660
42038	5	4	8373
42038	5	4	9667
42038	5	4	5097
42038	5	4	6137
42038	5	4	5134
42038	5	4	9842
42038	5	4	7104
42038	5	4	2632
42038	5	4	3536
42038	5	4	4107
42038	5	4	9823
42038	5	4	9657
42038	5	4	2161
42038	5	4	3075
42038	5	4	4301
42038	5	4	330
42038	5	4	4674
42038	5	4	292
42038	5	4	239
42038	5	4	10282
42038	5	4	6298
42038	5	4	9276
42038	5	4	10310
42038	5	4	5777
42038	5	4	4218
42038	5	4	7593
42038	5	4	9726
42038	5	4	8246
42038	5	4	2008
42038	5	4	2814
42038	5	4	1156
42038	5	4	1387
42038	5	4	914
42038	5	4	169
42038	5	4	5315
42038	5	4	6217
42038	5	4	4990
42038	5	4	4997
42038	5	4	3387
42038	5	4	3769
42038	5	4	4880
42038	5	4	3859
42038	5	4	9925
42038	5	4	3262
42038	5	4	6445
42038	5	4	1648
42038	5	4	8284
42038	5	4	2710
42038	5	4	9878
42038	5	4	3654
41884	5	4	8909
41884	5	4	6646
41884	5	4	9778
41884	5	4	9151
41884	5	4	6636
41884	5	4	7937
41884	5	4	6600
41884	5	4	9361
41884	5	4	6757
41884	5	4	7806
41884	5	4	6582
41884	5	4	5263
41884	5	4	6346
41884	5	4	5477
41884	5	4	6328
41884	5	4	4252
41884	5	4	3851
41884	5	4	4552
41884	5	4	4726
41884	5	4	7372
41884	5	4	6465
41884	5	4	4314
41884	5	4	4145
41884	5	4	4399
41884	5	4	4505
41884	5	4	4479
41884	5	4	4696
41884	5	4	5716
41884	5	4	5746
41884	5	4	4540
41884	5	4	7884
41884	5	4	8450
41884	5	4	6572
41884	5	4	6563
41884	5	4	8730
41884	5	4	6592
41884	5	4	7995
41884	5	4	6628
41884	5	4	8506
41884	5	4	6644
41884	5	4	8811
41884	5	4	6613
41884	5	4	8838
41884	5	4	5796
41884	5	4	6056
41884	5	4	4407
41884	5	4	6778
41884	5	4	6655
41884	5	4	4278
41804	5	4	8663
41804	5	4	8542
41804	5	4	760
41804	5	4	853
41804	5	4	1710
41804	5	4	2238
41804	5	4	4784
41804	5	4	9518
41804	5	4	9640
41804	5	4	8848
41804	5	4	8325
41804	5	4	8017
41804	5	4	885
41804	5	4	608
41804	5	4	951
41804	5	4	660
41804	5	4	3950
41804	5	4	2330
41804	5	4	6206
41804	5	4	5718
41804	5	4	5040
41804	5	4	1281
41804	5	4	223
41804	5	4	4352
41804	5	4	7121
41804	5	4	833
41804	5	4	2737
41804	5	4	786
41804	5	4	8556
41804	5	4	8653
